0.005361943
0.00034323
0.021046105
-0.003150344
-0.009507318
0.014997665
0.009769956
-0.006132095
0.019348933
-0.042819279
0.006682822
0.014556298
0.010613307
-0.017393787
0.000233046
0.038973686
0.010720044
-0.023601701
-0.007863736
0.0098993
0.028818336
0.019181059
0.009222477
-0.035165718
-0.018213228
0.020175697
0.010490686
-0.019899932
0.069366503
-0.021536715
-0.01242567
0.022169337
0.030079422
-0.003048985
0.007840051
0.03862324
0.006398686
0.05788104
-0.011759653
0.001755156
-0.041717509
0.023440238
-0.007589354
-0.046001142
-0.022630276
-0.016380815
-0.00796089
0.037210516
-0.036430282
-0.009709443
-0.01089126
-0.002418381
-0.043655505
-0.010893354
0.000722543
0.005920394
-0.046872485
0.001388568
0.028065013
0.014756431
-0.004822773
0.013928645
-0.003044513
-0.020579582
-0.033039556
0.033277822
0.01005876
0.006883669
0.004372123
-0.015579084
0.042221015
-0.054251415
0.007845042
0.000358059
-0.031953852
0.001851638
-0.02437331
-0.021583169
0.003990694
-0.030411444
0.006702728
-0.001192477